[
  {
    "name": "philly_teacher_qwen35.jsonl",
    "path": "/workspace/projects/LLM_distillation/data/teacher/philly_teacher_qwen35.jsonl",
    "n": 2953,
    "pct_matrix": [
      [
        20.250592617676936,
        7.517778530308162,
        9.27869962749746,
        9.718929901794784,
        9.007788689468338,
        10.768709786657636,
        8.703013884185575,
        8.059600406366407,
        9.041652556721978,
        7.6532339993227225
      ],
      [
        8.22891974263461,
        10.565526583135794,
        9.955976972570268,
        10.057568574331189,
        9.989840839823907,
        10.463934981374873,
        10.599390450389434,
        10.22688791059939,
        9.922113105316626,
        9.989840839823907
      ],
      [
        9.24483576024382,
        10.836437521164918,
        10.971892990179478,
        13.173044361666102,
        10.26075177785303,
        9.718929901794784,
        8.669150016931933,
        8.19505587538097,
        8.703013884185575,
        10.22688791059939
      ],
      [
        10.971892990179478,
        11.547578733491365,
        10.700982052150355,
        12.529630883846934,
        10.531662715882154,
        8.533694547917372,
        8.432102946156451,
        8.906197087707417,
        8.940060954961057,
        8.906197087707417
      ],
      [
        10.15916017609211,
        13.13918049441246,
        10.633254317643075,
        9.583474432780223,
        10.870301388418557,
        9.3125634947511,
        9.041652556721978,
        9.21097189299018,
        7.754825601083644,
        10.29461564510667
      ],
      [
        9.41415509651202,
        11.649170335252286,
        11.479850998984084,
        10.904165255672197,
        9.922113105316626,
        10.362343379613952,
        9.685066034541144,
        8.669150016931933,
        8.465966813410091,
        9.448018963765662
      ],
      [
        9.38029122925838,
        11.378259397223163,
        10.734845919403996,
        8.838469353200136,
        10.836437521164918,
        10.531662715882154,
        10.497798848628513,
        9.515746698272942,
        8.906197087707417,
        9.38029122925838
      ],
      [
        8.33051134439553,
        10.32847951236031,
        10.768709786657636,
        10.396207246867592,
        11.10734845919404,
        9.515746698272942,
        10.904165255672197,
        10.29461564510667,
        9.583474432780223,
        8.770741618692854
      ],
      [
        7.314595326786319,
        7.720961733830004,
        8.906197087707417,
        7.924144937351846,
        9.481882831019302,
        10.836437521164918,
        11.581442600745005,
        12.732814087368777,
        13.410091432441584,
        10.091432441584828
      ],
      [
        6.705045716220792,
        5.316627158821538,
        6.56959024720623,
        6.874365052488994,
        7.991872671859126,
        9.955976972570268,
        11.886217406027768,
        14.188960379275315,
        15.272604131391804,
        15.238740264138166
      ]
    ],
    "per_row_chi2": [
      {
        "rank_pos": 1,
        "chi2": 369.963,
        "p_value": 3.476e-74,
        "df": 9,
        "max_slot": 1,
        "max_pct": 20.25,
        "verdict": "NON-UNIFORM"
      },
      {
        "rank_pos": 2,
        "chi2": 12.09,
        "p_value": 0.2083,
        "df": 9,
        "max_slot": 7,
        "max_pct": 10.6,
        "verdict": "UNIFORM"
      },
      {
        "rank_pos": 3,
        "chi2": 56.675,
        "p_value": 5.832e-09,
        "df": 9,
        "max_slot": 4,
        "max_pct": 13.17,
        "verdict": "NON-UNIFORM"
      },
      {
        "rank_pos": 4,
        "chi2": 55.036,
        "p_value": 1.199e-08,
        "df": 9,
        "max_slot": 4,
        "max_pct": 12.53,
        "verdict": "NON-UNIFORM"
      },
      {
        "rank_pos": 5,
        "chi2": 54.196,
        "p_value": 1.733e-08,
        "df": 9,
        "max_slot": 2,
        "max_pct": 13.14,
        "verdict": "NON-UNIFORM"
      },
      {
        "rank_pos": 6,
        "chi2": 31.704,
        "p_value": 0.000224,
        "df": 9,
        "max_slot": 2,
        "max_pct": 11.65,
        "verdict": "NON-UNIFORM"
      },
      {
        "rank_pos": 7,
        "chi2": 21.314,
        "p_value": 0.01133,
        "df": 9,
        "max_slot": 2,
        "max_pct": 11.38,
        "verdict": "NON-UNIFORM"
      },
      {
        "rank_pos": 8,
        "chi2": 22.716,
        "p_value": 0.006866,
        "df": 9,
        "max_slot": 5,
        "max_pct": 11.11,
        "verdict": "NON-UNIFORM"
      },
      {
        "rank_pos": 9,
        "chi2": 119.553,
        "p_value": 1.649e-21,
        "df": 9,
        "max_slot": 9,
        "max_pct": 13.41,
        "verdict": "NON-UNIFORM"
      },
      {
        "rank_pos": 10,
        "chi2": 397.806,
        "p_value": 4.025e-80,
        "df": 9,
        "max_slot": 9,
        "max_pct": 15.27,
        "verdict": "NON-UNIFORM"
      }
    ],
    "overall_chi2": {
      "chi2": 1141.053,
      "p_value": 1.008e-176,
      "df": 99
    }
  },
  {
    "name": "philly_teacher_qwen35_http_identity.jsonl",
    "path": "/workspace/projects/LLM_distillation/data/teacher/philly_teacher_qwen35_http_identity.jsonl",
    "n": 2995,
    "pct_matrix": [
      [
        13.45575959933222,
        8.146911519198664,
        9.61602671118531,
        9.91652754590985,
        11.018363939899833,
        9.88313856427379,
        10.08347245409015,
        9.94991652754591,
        9.449081803005008,
        8.480801335559265
      ],
      [
        8.681135225375627,
        10.751252086811352,
        8.981636060100167,
        9.81636060100167,
        9.71619365609349,
        11.018363939899833,
        10.08347245409015,
        10.11686143572621,
        11.018363939899833,
        9.81636060100167
      ],
      [
        12.454090150250417,
        10.08347245409015,
        12.420701168614357,
        10.918196994991652,
        10.484140233722872,
        9.115191986644406,
        9.115191986644406,
        8.614357262103505,
        8.313856427378965,
        8.480801335559265
      ],
      [
        13.823038397328883,
        12.353923205342237,
        10.717863105175292,
        11.252086811352253,
        9.282136894824708,
        8.781302170283805,
        8.046744574290484,
        8.013355592654424,
        8.614357262103505,
        9.115191986644406
      ],
      [
        10.51752921535893,
        12.587646076794659,
        10.584307178631052,
        10.550918196994992,
        11.285475792988315,
        9.68280467445743,
        8.814691151919867,
        8.447412353923205,
        8.480801335559265,
        9.048414023372287
      ],
      [
        11.585976627712855,
        11.719532554257095,
        10.918196994991652,
        9.081803005008346,
        9.54924874791319,
        9.71619365609349,
        9.78297161936561,
        8.714524207011685,
        8.347245409015025,
        10.584307178631052
      ],
      [
        9.54924874791319,
        10.584307178631052,
        10.484140233722872,
        10.417362270450752,
        10.18363939899833,
        9.68280467445743,
        10.918196994991652,
        9.98330550918197,
        9.081803005008346,
        9.115191986644406
      ],
      [
        8.614357262103505,
        10.11686143572621,
        10.21702838063439,
        10.38397328881469,
        10.18363939899833,
        9.649415692821368,
        10.51752921535893,
        9.84974958263773,
        9.81636060100167,
        10.651085141903172
      ],
      [
        6.076794657762939,
        8.313856427378965,
        9.115191986644406,
        10.15025041736227,
        9.74958263772955,
        11.919866444073456,
        11.185308848080133,
        12.253756260434056,
        12.487479131886477,
        8.747913188647747
      ],
      [
        5.242070116861436,
        5.342237061769616,
        6.944908180300501,
        7.512520868113523,
        8.547579298831385,
        10.550918196994992,
        11.452420701168615,
        14.056761268781301,
        14.390651085141904,
        15.95993322203673
      ]
    ],
    "per_row_chi2": [
      {
        "rank_pos": 1,
        "chi2": 57.511,
        "p_value": 4.034e-09,
        "df": 9,
        "max_slot": 1,
        "max_pct": 13.46,
        "verdict": "NON-UNIFORM"
      },
      {
        "rank_pos": 2,
        "chi2": 16.723,
        "p_value": 0.05324,
        "df": 9,
        "max_slot": 6,
        "max_pct": 11.02,
        "verdict": "UNIFORM"
      },
      {
        "rank_pos": 3,
        "chi2": 64.703,
        "p_value": 1.648e-10,
        "df": 9,
        "max_slot": 1,
        "max_pct": 12.45,
        "verdict": "NON-UNIFORM"
      },
      {
        "rank_pos": 4,
        "chi2": 103.942,
        "p_value": 2.504e-18,
        "df": 9,
        "max_slot": 1,
        "max_pct": 13.82,
        "verdict": "NON-UNIFORM"
      },
      {
        "rank_pos": 5,
        "chi2": 49.09,
        "p_value": 1.596e-07,
        "df": 9,
        "max_slot": 2,
        "max_pct": 12.59,
        "verdict": "NON-UNIFORM"
      },
      {
        "rank_pos": 6,
        "chi2": 36.583,
        "p_value": 3.124e-05,
        "df": 9,
        "max_slot": 2,
        "max_pct": 11.72,
        "verdict": "NON-UNIFORM"
      },
      {
        "rank_pos": 7,
        "chi2": 10.653,
        "p_value": 0.3003,
        "df": 9,
        "max_slot": 7,
        "max_pct": 10.92,
        "verdict": "UNIFORM"
      },
      {
        "rank_pos": 8,
        "chi2": 9.083,
        "p_value": 0.4296,
        "df": 9,
        "max_slot": 10,
        "max_pct": 10.65,
        "verdict": "UNIFORM"
      },
      {
        "rank_pos": 9,
        "chi2": 110.9,
        "p_value": 9.643e-20,
        "df": 9,
        "max_slot": 9,
        "max_pct": 12.49,
        "verdict": "NON-UNIFORM"
      },
      {
        "rank_pos": 10,
        "chi2": 406.219,
        "p_value": 6.451e-82,
        "df": 9,
        "max_slot": 10,
        "max_pct": 15.96,
        "verdict": "NON-UNIFORM"
      }
    ],
    "overall_chi2": {
      "chi2": 865.406,
      "p_value": 1.118e-122,
      "df": 99
    }
  },
  {
    "name": "philly_teacher_qwen35_perm_reverse.jsonl",
    "path": "/workspace/projects/LLM_distillation/data/teacher/philly_teacher_qwen35_perm_reverse.jsonl",
    "n": 2999,
    "pct_matrix": [
      [
        14.871623874624875,
        8.336112037345782,
        9.103034344781594,
        10.136712237412471,
        10.436812270756919,
        9.636545515171724,
        9.503167722574192,
        10.303434478159385,
        9.536512170723574,
        8.136045348449484
      ],
      [
        8.602867622540847,
        10.270090030010003,
        9.236412137379126,
        11.30376792264088,
        10.00333444481494,
        11.270423474491498,
        9.60320106702234,
        10.203401133711237,
        9.16972324108036,
        10.336778926308769
      ],
      [
        13.037679226408802,
        12.570856952317438,
        12.070690230076691,
        9.336445481827276,
        9.60320106702234,
        10.203401133711237,
        9.036345448482827,
        7.769256418806268,
        8.436145381793931,
        7.935978659553185
      ],
      [
        12.670890296765588,
        11.603867955985327,
        12.070690230076691,
        10.97032344114705,
        9.336445481827276,
        9.336445481827276,
        9.336445481827276,
        8.302767589196398,
        7.735911970656886,
        8.636212070690231
      ],
      [
        11.470490163387796,
        12.904301433811272,
        10.536845615205067,
        10.736912304101368,
        10.336778926308769,
        9.16972324108036,
        9.103034344781594,
        7.635878626208736,
        9.136378792930977,
        8.969656552184063
      ],
      [
        11.570523507835945,
        11.103701233744582,
        10.170056685561853,
        10.070023341113703,
        10.836945648549516,
        9.636545515171724,
        9.936645548516172,
        8.602867622540847,
        8.036012004001334,
        10.036678892964321
      ],
      [
        8.436145381793931,
        9.536512170723574,
        11.903967989329777,
        11.170390130043348,
        9.90330110036679,
        9.836612204068022,
        10.203401133711237,
        9.203067689229744,
        10.00333444481494,
        9.80326775591864
      ],
      [
        7.902634211403801,
        10.6702234078026,
        9.60320106702234,
        9.736578859619874,
        9.669889963321108,
        10.203401133711237,
        10.136712237412471,
        11.670556852284095,
        10.503501167055687,
        9.90330110036679
      ],
      [
        5.868622874291431,
        8.53617872624208,
        9.503167722574192,
        9.203067689229744,
        11.50383461153718,
        9.636545515171724,
        10.836945648549516,
        13.037679226408802,
        12.704234744914972,
        9.16972324108036
      ],
      [
        5.568522840946982,
        4.468156052017339,
        5.801933977992664,
        7.335778592864288,
        8.369456485495165,
        11.070356785595198,
        12.304101367122374,
        13.271090363454485,
        14.738246082027343,
        17.07235745248416
      ]
    ],
    "per_row_chi2": [
      {
        "rank_pos": 1,
        "chi2": 94.995,
        "p_value": 1.612e-16,
        "df": 9,
        "max_slot": 1,
        "max_pct": 14.87,
        "verdict": "NON-UNIFORM"
      },
      {
        "rank_pos": 2,
        "chi2": 20.763,
        "p_value": 0.01374,
        "df": 9,
        "max_slot": 4,
        "max_pct": 11.3,
        "verdict": "NON-UNIFORM"
      },
      {
        "rank_pos": 3,
        "chi2": 100.09,
        "p_value": 1.509e-17,
        "df": 9,
        "max_slot": 1,
        "max_pct": 13.04,
        "verdict": "NON-UNIFORM"
      },
      {
        "rank_pos": 4,
        "chi2": 78.342,
        "p_value": 3.447e-13,
        "df": 9,
        "max_slot": 1,
        "max_pct": 12.67,
        "verdict": "NON-UNIFORM"
      },
      {
        "rank_pos": 5,
        "chi2": 61.277,
        "p_value": 7.603e-10,
        "df": 9,
        "max_slot": 2,
        "max_pct": 12.9,
        "verdict": "NON-UNIFORM"
      },
      {
        "rank_pos": 6,
        "chi2": 31.087,
        "p_value": 0.0002861,
        "df": 9,
        "max_slot": 1,
        "max_pct": 11.57,
        "verdict": "NON-UNIFORM"
      },
      {
        "rank_pos": 7,
        "chi2": 25.211,
        "p_value": 0.002746,
        "df": 9,
        "max_slot": 3,
        "max_pct": 11.9,
        "verdict": "NON-UNIFORM"
      },
      {
        "rank_pos": 8,
        "chi2": 24.885,
        "p_value": 0.003101,
        "df": 9,
        "max_slot": 8,
        "max_pct": 11.67,
        "verdict": "NON-UNIFORM"
      },
      {
        "rank_pos": 9,
        "chi2": 121.21,
        "p_value": 7.552e-22,
        "df": 9,
        "max_slot": 8,
        "max_pct": 13.04,
        "verdict": "NON-UNIFORM"
      },
      {
        "rank_pos": 10,
        "chi2": 501.564,
        "p_value": 2.66e-102,
        "df": 9,
        "max_slot": 10,
        "max_pct": 17.07,
        "verdict": "NON-UNIFORM"
      }
    ],
    "overall_chi2": {
      "chi2": 1059.423,
      "p_value": 1.475e-160,
      "df": 99
    }
  },
  {
    "name": "philly_teacher_qwen35_borda.jsonl",
    "path": "/workspace/projects/LLM_distillation/data/teacher/philly_teacher_qwen35_borda.jsonl",
    "n": 2952,
    "pct_matrix": [
      [
        14.972899728997291,
        7.892953929539296,
        9.383468834688347,
        9.857723577235772,
        9.247967479674797,
        11.009485094850948,
        10.365853658536585,
        8.739837398373984,
        9.078590785907858,
        9.451219512195122
      ],
      [
        8.570460704607045,
        10.02710027100271,
        9.688346883468835,
        8.875338753387533,
        10.840108401084011,
        10.128726287262872,
        9.688346883468835,
        10.196476964769648,
        10.501355013550135,
        11.483739837398375
      ],
      [
        9.58672086720867,
        10.670731707317072,
        9.823848238482384,
        11.246612466124661,
        10.636856368563684,
        9.89159891598916,
        8.875338753387533,
        9.010840108401084,
        9.620596205962059,
        10.636856368563684
      ],
      [
        10.331978319783197,
        8.807588075880759,
        10.060975609756099,
        11.415989159891598,
        10.501355013550135,
        8.94308943089431,
        9.214092140921409,
        10.196476964769648,
        9.959349593495935,
        10.569105691056912
      ],
      [
        9.34959349593496,
        11.043360433604336,
        8.875338753387533,
        11.314363143631438,
        9.654471544715447,
        9.417344173441734,
        10.16260162601626,
        9.823848238482384,
        9.58672086720867,
        10.772357723577237
      ],
      [
        9.58672086720867,
        11.28048780487805,
        10.670731707317072,
        10.331978319783197,
        9.959349593495935,
        10.602981029810298,
        9.281842818428185,
        9.789972899728998,
        9.112466124661246,
        9.383468834688347
      ],
      [
        9.654471544715447,
        11.585365853658537,
        11.009485094850948,
        9.620596205962059,
        9.58672086720867,
        10.16260162601626,
        10.772357723577237,
        8.875338753387533,
        8.94308943089431,
        9.789972899728998
      ],
      [
        10.060975609756099,
        10.535230352303524,
        10.602981029810298,
        8.807588075880759,
        10.399728997289973,
        8.841463414634147,
        10.501355013550135,
        10.975609756097562,
        10.16260162601626,
        9.112466124661246
      ],
      [
        9.112466124661246,
        10.331978319783197,
        10.806233062330623,
        9.722222222222223,
        9.58672086720867,
        10.29810298102981,
        9.993224932249323,
        10.636856368563684,
        11.517615176151761,
        7.994579945799458
      ],
      [
        8.773712737127372,
        7.825203252032519,
        9.078590785907858,
        8.807588075880759,
        9.58672086720867,
        10.70460704607046,
        11.144986449864499,
        11.754742547425474,
        11.517615176151761,
        10.806233062330623
      ]
    ],
    "per_row_chi2": [
      {
        "rank_pos": 1,
        "chi2": 100.446,
        "p_value": 1.278e-17,
        "df": 9,
        "max_slot": 1,
        "max_pct": 14.97,
        "verdict": "NON-UNIFORM"
      },
      {
        "rank_pos": 2,
        "chi2": 19.829,
        "p_value": 0.019,
        "df": 9,
        "max_slot": 10,
        "max_pct": 11.48,
        "verdict": "NON-UNIFORM"
      },
      {
        "rank_pos": 3,
        "chi2": 15.988,
        "p_value": 0.06714,
        "df": 9,
        "max_slot": 4,
        "max_pct": 11.25,
        "verdict": "UNIFORM"
      },
      {
        "rank_pos": 4,
        "chi2": 17.39,
        "p_value": 0.04294,
        "df": 9,
        "max_slot": 4,
        "max_pct": 11.42,
        "verdict": "NON-UNIFORM"
      },
      {
        "rank_pos": 5,
        "chi2": 17.085,
        "p_value": 0.0474,
        "df": 9,
        "max_slot": 4,
        "max_pct": 11.31,
        "verdict": "NON-UNIFORM"
      },
      {
        "rank_pos": 6,
        "chi2": 13.176,
        "p_value": 0.1548,
        "df": 9,
        "max_slot": 2,
        "max_pct": 11.28,
        "verdict": "UNIFORM"
      },
      {
        "rank_pos": 7,
        "chi2": 20.71,
        "p_value": 0.014,
        "df": 9,
        "max_slot": 2,
        "max_pct": 11.59,
        "verdict": "NON-UNIFORM"
      },
      {
        "rank_pos": 8,
        "chi2": 16.516,
        "p_value": 0.05685,
        "df": 9,
        "max_slot": 8,
        "max_pct": 10.98,
        "verdict": "UNIFORM"
      },
      {
        "rank_pos": 9,
        "chi2": 25.432,
        "p_value": 0.002528,
        "df": 9,
        "max_slot": 9,
        "max_pct": 11.52,
        "verdict": "NON-UNIFORM"
      },
      {
        "rank_pos": 10,
        "chi2": 48.752,
        "p_value": 1.847e-07,
        "df": 9,
        "max_slot": 8,
        "max_pct": 11.75,
        "verdict": "NON-UNIFORM"
      }
    ],
    "overall_chi2": {
      "chi2": 295.325,
      "p_value": 2.058e-21,
      "df": 99
    }
  },
  {
    "name": "philly_teacher_qwen35_borda_http.jsonl",
    "path": "/workspace/projects/LLM_distillation/data/teacher/philly_teacher_qwen35_borda_http.jsonl",
    "n": 2994,
    "pct_matrix": [
      [
        11.088844355377422,
        8.784235136940548,
        9.85303941215765,
        10.153640614562457,
        10.521042084168336,
        10.287241148964595,
        10.3874415497662,
        10.02004008016032,
        9.051436205744823,
        9.85303941215765
      ],
      [
        9.652638610554442,
        9.652638610554442,
        9.519038076152304,
        9.452237808951235,
        10.821643286573146,
        10.187040748162993,
        9.886439545758183,
        9.418837675350701,
        11.255845023380093,
        10.153640614562457
      ],
      [
        10.153640614562457,
        10.08684034736139,
        10.454241816967267,
        10.02004008016032,
        10.120240480961924,
        9.285237140948563,
        10.187040748162993,
        9.48563794255177,
        9.752839011356047,
        10.454241816967267
      ],
      [
        11.055444221776888,
        9.953239812959252,
        9.48563794255177,
        10.3874415497662,
        9.986639946559785,
        9.55243820975284,
        9.385437541750168,
        9.752839011356047,
        9.919839679358718,
        10.521042084168336
      ],
      [
        10.754843019372078,
        10.68804275217101,
        9.519038076152304,
        10.08684034736139,
        10.153640614562457,
        9.986639946559785,
        8.750835003340013,
        10.3874415497662,
        9.25183700734803,
        10.420841683366733
      ],
      [
        10.521042084168336,
        10.62124248496994,
        10.02004008016032,
        9.619238476953909,
        9.352037408149632,
        10.120240480961924,
        10.3874415497662,
        9.151636606546425,
        9.418837675350701,
        10.788243152972612
      ],
      [
        11.52304609218437,
        10.521042084168336,
        10.68804275217101,
        9.986639946559785,
        9.118236472945892,
        9.218436873747494,
        10.220440881763528,
        9.48563794255177,
        10.08684034736139,
        9.151636606546425
      ],
      [
        9.719438877755511,
        12.05744822979292,
        10.287241148964595,
        9.652638610554442,
        10.487641950567802,
        9.452237808951235,
        9.652638610554442,
        9.752839011356047,
        9.886439545758183,
        9.051436205744823
      ],
      [
        8.583834335337341,
        10.153640614562457,
        10.68804275217101,
        11.189044756179024,
        9.151636606546425,
        10.68804275217101,
        10.08684034736139,
        10.654642618570474,
        10.354041416165664,
        8.450233800935205
      ],
      [
        6.947227788911156,
        7.481629926519706,
        9.48563794255177,
        9.452237808951235,
        10.287241148964595,
        11.22244488977956,
        11.055444221776888,
        11.890447561790248,
        11.022044088176353,
        11.15564462257849
      ]
    ],
    "per_row_chi2": [
      {
        "rank_pos": 1,
        "chi2": 12.379,
        "p_value": 0.1928,
        "df": 9,
        "max_slot": 1,
        "max_pct": 11.09,
        "verdict": "UNIFORM"
      },
      {
        "rank_pos": 2,
        "chi2": 10.282,
        "p_value": 0.3281,
        "df": 9,
        "max_slot": 9,
        "max_pct": 11.26,
        "verdict": "UNIFORM"
      },
      {
        "rank_pos": 3,
        "chi2": 3.983,
        "p_value": 0.9126,
        "df": 9,
        "max_slot": 3,
        "max_pct": 10.45,
        "verdict": "UNIFORM"
      },
      {
        "rank_pos": 4,
        "chi2": 7.329,
        "p_value": 0.6029,
        "df": 9,
        "max_slot": 1,
        "max_pct": 11.06,
        "verdict": "UNIFORM"
      },
      {
        "rank_pos": 5,
        "chi2": 11.237,
        "p_value": 0.2598,
        "df": 9,
        "max_slot": 1,
        "max_pct": 10.75,
        "verdict": "UNIFORM"
      },
      {
        "rank_pos": 6,
        "chi2": 9.18,
        "p_value": 0.4209,
        "df": 9,
        "max_slot": 10,
        "max_pct": 10.79,
        "verdict": "UNIFORM"
      },
      {
        "rank_pos": 7,
        "chi2": 16.448,
        "p_value": 0.0581,
        "df": 9,
        "max_slot": 1,
        "max_pct": 11.52,
        "verdict": "UNIFORM"
      },
      {
        "rank_pos": 8,
        "chi2": 18.405,
        "p_value": 0.03076,
        "df": 9,
        "max_slot": 2,
        "max_pct": 12.06,
        "verdict": "NON-UNIFORM"
      },
      {
        "rank_pos": 9,
        "chi2": 24.17,
        "p_value": 0.004041,
        "df": 9,
        "max_slot": 4,
        "max_pct": 11.19,
        "verdict": "NON-UNIFORM"
      },
      {
        "rank_pos": 10,
        "chi2": 74.464,
        "p_value": 2.017e-12,
        "df": 9,
        "max_slot": 8,
        "max_pct": 11.89,
        "verdict": "NON-UNIFORM"
      }
    ],
    "overall_chi2": {
      "chi2": 187.876,
      "p_value": 1.796e-07,
      "df": 99
    }
  },
  {
    "name": "philly_teacher.jsonl",
    "path": "/workspace/projects/LLM_distillation/data/teacher/philly_teacher.jsonl",
    "n": 1011,
    "pct_matrix": [
      [
        13.155291790306627,
        9.297725024727992,
        8.704253214638971,
        9.594460929772502,
        9.198813056379821,
        10.385756676557865,
        8.803165182987142,
        9.693372898120673,
        10.880316518298715,
        10.286844708209692
      ],
      [
        6.726013847675569,
        11.078140454995054,
        9.891196834817013,
        9.495548961424333,
        9.792284866468842,
        10.187932739861523,
        10.286844708209692,
        9.198813056379821,
        11.572700296735905,
        11.770524233432244
      ],
      [
        11.177052423343223,
        8.605341246290802,
        10.385756676557865,
        8.605341246290802,
        8.803165182987142,
        12.561819980217606,
        9.495548961424333,
        9.495548961424333,
        9.594460929772502,
        11.275964391691394
      ],
      [
        11.078140454995054,
        10.979228486646884,
        9.297725024727992,
        9.198813056379821,
        10.089020771513352,
        8.605341246290802,
        8.803165182987142,
        10.187932739861523,
        11.374876360039565,
        10.385756676557865
      ],
      [
        10.187932739861523,
        10.089020771513352,
        9.594460929772502,
        10.385756676557865,
        9.990108803165183,
        10.089020771513352,
        10.089020771513352,
        9.891196834817013,
        10.484668644906034,
        9.198813056379821
      ],
      [
        11.078140454995054,
        10.583580613254204,
        11.572700296735905,
        9.792284866468842,
        10.781404549950544,
        11.374876360039565,
        8.40751730959446,
        8.011869436201781,
        9.099901088031652,
        9.297725024727992
      ],
      [
        8.11078140454995,
        11.572700296735905,
        10.187932739861523,
        11.968348170128586,
        10.880316518298715,
        8.011869436201781,
        10.781404549950544,
        10.484668644906034,
        8.605341246290802,
        9.396636993076163
      ],
      [
        11.177052423343223,
        9.693372898120673,
        10.880316518298715,
        10.286844708209692,
        11.078140454995054,
        8.30860534124629,
        10.682492581602373,
        10.583580613254204,
        8.704253214638971,
        8.605341246290802
      ],
      [
        9.990108803165183,
        9.792284866468842,
        10.781404549950544,
        9.891196834817013,
        9.099901088031652,
        10.385756676557865,
        10.682492581602373,
        11.671612265084075,
        9.792284866468842,
        7.91295746785361
      ],
      [
        7.319485657764589,
        8.30860534124629,
        8.704253214638971,
        10.781404549950544,
        10.286844708209692,
        10.089020771513352,
        11.968348170128586,
        10.781404549950544,
        9.891196834817013,
        11.869436201780417
      ]
    ],
    "per_row_chi2": [
      {
        "rank_pos": 1,
        "chi2": 15.637,
        "p_value": 0.07486,
        "df": 9,
        "max_slot": 1,
        "max_pct": 13.16,
        "verdict": "UNIFORM"
      },
      {
        "rank_pos": 2,
        "chi2": 18.763,
        "p_value": 0.02729,
        "df": 9,
        "max_slot": 10,
        "max_pct": 11.77,
        "verdict": "NON-UNIFORM"
      },
      {
        "rank_pos": 3,
        "chi2": 15.894,
        "p_value": 0.06912,
        "df": 9,
        "max_slot": 6,
        "max_pct": 12.56,
        "verdict": "UNIFORM"
      },
      {
        "rank_pos": 4,
        "chi2": 8.812,
        "p_value": 0.4548,
        "df": 9,
        "max_slot": 9,
        "max_pct": 11.37,
        "verdict": "UNIFORM"
      },
      {
        "rank_pos": 5,
        "chi2": 1.275,
        "p_value": 0.9985,
        "df": 9,
        "max_slot": 9,
        "max_pct": 10.48,
        "verdict": "UNIFORM"
      },
      {
        "rank_pos": 6,
        "chi2": 14.47,
        "p_value": 0.1066,
        "df": 9,
        "max_slot": 3,
        "max_pct": 11.57,
        "verdict": "UNIFORM"
      },
      {
        "rank_pos": 7,
        "chi2": 18.031,
        "p_value": 0.03482,
        "df": 9,
        "max_slot": 4,
        "max_pct": 11.97,
        "verdict": "NON-UNIFORM"
      },
      {
        "rank_pos": 8,
        "chi2": 10.909,
        "p_value": 0.282,
        "df": 9,
        "max_slot": 1,
        "max_pct": 11.18,
        "verdict": "UNIFORM"
      },
      {
        "rank_pos": 9,
        "chi2": 9.386,
        "p_value": 0.4025,
        "df": 9,
        "max_slot": 8,
        "max_pct": 11.67,
        "verdict": "UNIFORM"
      },
      {
        "rank_pos": 10,
        "chi2": 20.642,
        "p_value": 0.01434,
        "df": 9,
        "max_slot": 7,
        "max_pct": 11.97,
        "verdict": "NON-UNIFORM"
      }
    ],
    "overall_chi2": {
      "chi2": 133.818,
      "p_value": 0.01135,
      "df": 99
    }
  }
]